id	effectiveTime	active	moduleId	refsetId	referencedComponentId	attributeDescription	attributeType	attributeOrder
81ee191b-56fd-4950-9e14-6cb4c5cb5b1b	20170731	1	900000000000012004	900000000000456007	723561005	723574004	900000000000461009	6
8561568a-c56c-4b02-aaff-05e581606ebf	20140131	1	900000000000207008	900000000000456007	900000000000531004	900000000000533001	900000000000460005	1
85cc1c27-3a9f-5859-a1c5-7522b51ed528	20130731	1	449080006	900000000000456007	447562003	900000000000502003	900000000000478000	2
85d2cadc-65a0-5e0e-aa32-91236adfb1be	20020131	1	900000000000207008	900000000000456007	900000000000488004	449608002	900000000000463007	0
885e163a-5c99-423d-9879-dc9e10599fb5	20220131	0	900000000000207008	900000000000456007	900000000000496009	900000000000499002	900000000000465000	1
89613c1d-fff1-4744-951a-9c1ee341af5a	20170731	1	900000000000207008	900000000000456007	447258008	447255006	900000000000478000	1
89aa39de-d0a8-5879-9ea6-79a88e6d65de	20020131	1	900000000000207008	900000000000456007	900000000000526001	900000000000532006	900000000000460005	0
8af233ae-d139-4335-8bef-336862b68e89	20210131	1	900000000000012004	900000000000456007	1119435002	733616009	1119461003	2
8bc8366e-7cf1-55ef-9f90-872183466155	20020131	1	900000000000207008	900000000000456007	900000000000524003	900000000000533001	900000000000460005	1
